11 0.43854166666666666 0.5203703703703704 0.022916666666666665 0.040740740740740744
11 0.4354166666666667 0.5777777777777777 0.020833333333333332 0.037037037037037035
11 0.6114583333333333 0.5574074074074075 0.022916666666666665 0.040740740740740744
11 0.6739583333333333 0.5611111111111111 0.022916666666666665 0.040740740740740744
11 0.8739583333333333 0.7425925925925926 0.022916666666666665 0.040740740740740744
11 0.8947916666666667 0.8148148148148148 0.022916666666666665 0.037037037037037035
11 0.8197916666666667 0.7537037037037037 0.022916666666666665 0.040740740740740744
11 0.8177083333333334 0.7055555555555556 0.022916666666666665 0.040740740740740744
11 0.784375 0.6425925925925926 0.022916666666666665 0.040740740740740744
11 0.9552083333333333 0.8611111111111112 0.022916666666666665 0.040740740740740744
